0:
  ap30: 0.5584230764293372
  ap50: 0.5364714015216955
  ap70: 0.46959169867146966
1:
  ap30: 0.5555903745269607
  ap50: 0.30804102404887707
  ap70: 0.03760178692420009
3:
  ap30: 0.5851688563975148
  ap50: 0.45033998217995685
  ap70: 0.25890784253012855
